c 1 0.6931471805599453 4 0.6931471805599453 5 0.6931471805599453 7 0.6931471805599453 10 0.6931471805599453 12 0.6931471805599453 
b 1 1.2424533248940002 
kim 1 0.04350568849481485 2 0.0870113769896297 3 0.0870113769896297 4 0.0870113769896297 5 0.0870113769896297 6 0.0870113769896297 7 0.0870113769896297 8 0.0870113769896297 9 0.0870113769896297 10 0.0870113769896297 11 0.0870113769896297 
fine 1 0.04350568849481485 2 0.0870113769896297 3 0.0870113769896297 4 0.0870113769896297 6 0.0870113769896297 7 0.0870113769896297 8 0.0870113769896297 9 0.0870113769896297 10 0.0870113769896297 11 0.0870113769896297 12 0.0870113769896297 
g 3 2.4849066497880004 
f 4 1.791759469228055 5 1.791759469228055 
pregnant 5 2.4849066497880004 
h 9 2.4849066497880004 
k 9 1.3862943611198906 10 1.3862943611198906 11 1.3862943611198906 
j 10 1.791759469228055 11 1.791759469228055 
l 11 2.4849066497880004 
